카테고리: 모든 카테고리

국가,Baby Shark: (24. 1. 1.~25. 1. 1.),Pinkfong: (24. 1. 1.~25. 1. 1.),bebefinn: (24. 1. 1.~25. 1. 1.)
부탄,100%,,
레소토,100%,,
말라위,45%,,55%
몰디브,29%,31%,40%
베트남,54%,35%,11%
몽골,21%,31%,48%
나이지리아,41%,19%,40%
투르크메니스탄,36%,63%,1%
우즈베키스탄,24%,21%,55%
잠비아,19%,22%,59%
트리니다드 토바고,37%,63%,
포르투갈,37%,19%,44%
에티오피아,28%,17%,55%
그리스,56%,21%,23%
말레이시아,13%,60%,27%
남아프리카,15%,24%,61%
카메룬,29%,,71%
네팔,49%,25%,26%
미얀마,17%,44%,39%
가나,16%,21%,63%
오만,16%,38%,46%
쿠웨이트,20%,43%,37%
뉴질랜드,20%,54%,26%
캐나다,19%,54%,27%
싱가포르,7%,66%,27%
스리랑카,23%,37%,40%
파라과이,2%,10%,88%
이라크,26%,32%,42%
케냐,11%,19%,70%
캄보디아,21%,58%,21%
파키스탄,19%,35%,46%
필리핀,5%,48%,47%
아랍에미리트,10%,45%,45%
오스트레일리아,14%,52%,34%
영국,15%,54%,31%
홍콩,9%,62%,29%
아일랜드,10%,51%,39%
알제리,20%,38%,42%
인도네시아,11%,58%,31%
미국,11%,61%,28%
불가리아,30%,43%,27%
튀니지,34%,66%,
이란,14%,52%,34%
튀르키예,20%,33%,47%
이탈리아,14%,31%,55%
사우디아라비아,17%,42%,41%
폴란드,26%,50%,24%
카자흐스탄,17%,51%,32%
방글라데시,24%,36%,40%
루마니아,19%,50%,31%
노르웨이,23%,48%,29%
태국,16%,70%,14%
우크라이나,26%,53%,21%
브라질,4%,23%,73%
오스트리아,31%,45%,24%
인도,28%,35%,37%
이스라엘,19%,52%,29%
이집트,17%,46%,37%
대만,9%,41%,50%
벨기에,17%,51%,32%
헝가리,18%,55%,27%
베네수엘라,1%,9%,90%
핀란드,26%,54%,20%
독일,22%,53%,25%
네덜란드,21%,53%,26%
칠레,2%,34%,64%
스웨덴,17%,57%,26%
멕시코,2%,26%,72%
스위스,18%,38%,44%
일본,16%,46%,38%
대한민국,8%,83%,9%
스페인,2%,23%,75%
프랑스,16%,46%,38%
체코,16%,62%,22%
러시아,18%,70%,12%
페루,<1%,17%,83%
콜롬비아,1%,16%,83%
아르헨티나,<1%,15%,85%
레바논,,,
짐바브웨,,,
조지아,,,
건지,,,
미크로네시아,,,
지브롤터,,,
기니,,,
과들루프,,,
감비아,,,
기니비사우,,,
적도 기니,,,
페로 제도,,,
그레나다,,,
그린란드,,,
과테말라,,,
프랑스령 기아나,,,
괌,,,
가이아나,,,
포클랜드 제도(말비나스 군도),,,
허드 맥도널드 제도,,,
온두라스,,,
크로아티아,,,
아이티,,,
피지,,,
에스토니아,,,
맨섬,,,
서사하라,,,
영국령 인도양 지역,,,
에리트리아,,,
에콰도르,,,
도미니카 공화국,,,
아이슬란드,,,
덴마크,,,
도미니카,,,
자메이카,,,
저지,,,
요르단,,,
지부티,,,
키프로스,,,
케이맨 제도,,,
키르기스스탄,,,
크리스마스섬,,,
키리바시,,,
세인트키츠 네비스,,,
퀴라소,,,
쿠바,,,
아프가니스탄,,,
아루바,,,
앙골라,,,
리비아,,,
세인트루시아,,,
리히텐슈타인,,,
코스타리카,,,
카보베르데,,,
리투아니아,,,
룩셈부르크,,,
라트비아,,,
마카오,,,
생마르탱,,,
모로코,,,
모나코,,,
몰도바,,,
마다가스카르,,,
코모로,,,
쿡 제도,,,
마셜 제도,,,
북마케도니아,,,
말리,,,
몰타,,,
콩고-브라자빌,,,
몬테네그로,,,
콩고-킨샤사,,,
북마리아나제도,,,
모잠비크,,,
모리타니,,,
몬트세라트,,,
마르티니크,,,
모리셔스,,,
코트디부아르,,,
중국,,,
마요트,,,
나미비아,,,
뉴칼레도니아,,,
니제르,,,
노퍽섬,,,
코코스 제도,,,
가봉,,,
니우에,,,
중앙 아프리카 공화국,,,
보츠와나,,,
부베섬,,,
나우루,,,
브루나이,,,
바베이도스,,,
볼리비아,,,
파나마,,,
핏케언 제도,,,
버뮤다,,,
벨리즈,,,
팔라우,,,
파푸아뉴기니,,,
벨라루스,,,
푸에르토리코,,,
북한,,,
생바르텔레미,,,
보스니아 헤르체고비나,,,
팔레스타인,,,
프랑스령 폴리네시아,,,
카타르,,,
레위니옹,,,
바하마,,,
바레인,,,
르완다,,,
부르키나파소,,,
수단,,,
세네갈,,,
네덜란드령 카리브,,,
사우스조지아 사우스샌드위치 제도,,,
세인트헬레나,,,
스발바르제도-얀마웬섬,,,
솔로몬 제도,,,
시에라리온,,,
엘살바도르,,,
산마리노,,,
소말리아,,,
생피에르 미클롱,,,
세르비아,,,
남수단,,,
상투메 프린시페,,,
수리남,,,
슬로바키아,,,
슬로베니아,,,
베냉,,,
에스와티니,,,
신트마르턴,,,
세이셸,,,
시리아,,,
터크스 케이커스 제도,,,
차드,,,
토고,,,
부룬디,,,
타지키스탄,,,
토켈라우,,,
아제르바이잔,,,
동티모르,,,
통가,,,
앤티가 바부다,,,
프랑스령 남방 지역,,,
남극 대륙,,,
투발루,,,
아메리칸 사모아,,,
탄자니아,,,
우간다,,,
아르메니아,,,
미국령 해외 제도,,,
우루과이,,,
안도라,,,
알바니아,,,
바티칸 시국,,,
세인트빈센트그레나딘,,,
올란드 제도,,,
영국령 버진아일랜드,,,
미국령 버진아일랜드,,,
앵귈라,,,
바누아투,,,
왈리스-푸투나 제도,,,
사모아,,,
코소보,,,
예멘,,,
라이베리아,,,
라오스,,,
니카라과,,,
